3430 2060
3435 2342340
13435 3434290
23232502 343535354
5975 3859034
1930 34
39 13
9 3
14 92
210 124
116150 232704
3430 3430
2060 2060
3435 2342340
13435 3434290
23232502 343535354
5975 3859034
1930 34
39 13
9 3
14 92
210 124
116150 232704
999999 999999
54321 54321
12345 234567
987654 123456
876543 987654
111111 222222
444444 555555
999999 111111
98765 11111
54321 654321
12345 54321
987654 987654
876543 876543
111111 111111
444444 444444
999999 999999
98765 98765
54321 54321
12345 12345
987654 987654
876543 876543
111111 111111
444444 444444
999999 999999
98765 98765
54321 54321
12345 12345
987654 987654
876543 876543
111111 111111
444444 444444
999999 999999
98765 98765
54321 54321
12345 12345
987654 987654
876543 876543
111111 111111
444444 444444
999999 999999
98765 98765
54321 54321
12345 12345
987654 987654
876543 876543
111111 111111
444444 444444