14183 17707
18971 28053
41331 21073
40991 31907
15833 16683
37717 41859
28347 42709
25109 34491
28013 39399
37479 23899
30371 21747
35411 35613
25869 42533
19939 30903
35331 13147
12923 12303
19619 33397
20139 42757
28087 17509
21507 40073
18849 24143
12857 36283
36861 40097
11753 15751
15817 19369
32637 12373
25403 29433
33599 11499
16499 26749
32003 32533
36163 39893
16403 35601
28151 28449
33341 33433
23363 35891
15141 32971
27369 12669
20133 39219
24379 20987
26819 16657
13743 30433
26529 32437
15927 17511
35031 18891
41099 30537
33921 10587
42231 17017
24299 20081
12417 29691
37297 17143
42387 42673
14087 11131
21451 23263
24057 19273
24001 29731
25501 14959
31607 32317
13033 29951
12743 30029
24131 40353
22789 32619
40923 30533
35441 37029
29121 22787
41143 21983
11531 11713
20349 31373
28201 14603
28139 15043
42727 19261
27033 42469
14251 30843
25919 26641
11849 36817
34933 20117
16903 16231
14521 19793
32031 20293
38741 10093
28497 36761
42537 11709
13653 40251
15923 36693
40249 28751
37051 21349
18849 41317
36643 19561
39199 29909
11373 19577
23191 37933
17761 11409
12573 18051
40593 42161
17121 32261
16211 26557
27931 19277
23913 31373
24333 40503
39389 40507
21109 30083
10413 32709
26687 26797
41051 36279
11957 17927
11847 40973
18669 22883
26447 37423
26527 41253
18649 39117
10909 15969
38651 20147
29983 25733
19603 27491
39269 23173
30273 12443
30689 12863
39793 40207
15151 15321
14637 26507
14937 10469
39787 39581
30727 40039
34317 17607
20961 37981
14949 22283
32643 33973
36491 18357
22289 32513
24757 25197
34129 27759
29641 28217
42491 14937
12241 36627
33299 22457
15909 27773
29223 41559
41727 12191
14447 31301
36097 36093
16967 33223
39931 23231
16063 26767
41093 26337
25707 29079
17143 11663
10691 24107
27173 10561
26221 39797
33061 13447
34927 30967
18183 24807
36931 18569
24121 22123
32469 36459
16051 25369
14729 36611
22097 12857
40783 16099
27527 28077
33289 31211
35627 25133
29183 12941
24459 32613
31541 30303
19799 27067
24947 39303
30657 42751
11067 20233
15951 15253
39633 41343
35143 18469
19457 41651
28767 14623
34921 38751
35499 41567
19531 28543
42107 15533
34227 13229
41683 28849
12983 40317
37307 33849
18677 32311
19841 30157
18827 25207
41819 18227
32351 41623
25299 19493
27291 32551
24059 10743
39347 15271
37399 36271
36971 19829
41019 15779
41449 32677
24241 28567
18839 34787
23801 19929
35823 24397
42533 23089
31149 31683
29931 19949
23871 31819
39967 25217
36793 26971
37961 14847
40227 13377
10943 10311
25391 33469
27081 36453
16741 24211
35193 29043
28423 32061
15461 36199
22937 25637
20827 42463
37639 25171
14273 36153
32039 33123
12569 38497
19369 39821
20627 40773
22831 41797
23187 28199
17463 13103
18521 38829
25041 32369
20817 18029
24641 41819
41263 34209
11283 29983
13827 28961
26477 19003
37261 18401
18839 30787
42439 40987
26203 26307
34081 13959
42471 24103
20743 15417
28969 39837
38641 33529
25991 35977
33171 28379
10101 19671
31019 42639
31207 42129
33403 22981
38519 21739
12011 28603
20381 35553
31701 30263
28931 18383
37801 36127
38637 15837
30567 18981
20261 19543
39083 19247
18589 38283
25869 32297
17473 23377
22087 14103
23737 22517
13343 17261
34761 41889
39679 38791
18777 29317
20133 22341
26121 22709
37919 14999
20483 35941
12607 13991
26769 13589
39601 28673
15819 21239
32231 29669
19841 31217
10511 28727
19161 19941
27701 24793
20273 11891
11041 37503
38501 11257
12571 31167
42201 23233
21327 11909
13631 27297
22923 19869
28179 19973
17427 35869
25599 32407
40419 13351
26731 13911
22723 31647
33677 25859
18779 21931
31773 30713
12901 17039
33547 24079
29821 34521
14491 14059
25237 21169
42747 42329
18441 19957
23567 14207
40101 26229
15021 22583
21011 36147
33493 28321
34287 12887
12607 19329
39549 26359
24249 18301
19227 28187
23171 10859
18499 27783
20327 41049
37671 32203
25859 16433
16751 18799
25311 37287
32817 17971
38161 32347
40479 34171
22193 35131
40051 25429
39143 38221
10231 10999
11413 29883
12901 17261
26817 35417
20377 11117
34303 30551
39049 32741
31663 37953
23023 21287
37601 16481
16877 39597
25761 35117
25207 10113
20247 33183
19311 12123
15211 15359
13743 12479
22527 21139
25739 29601
42379 31621
26189 38381
11331 42721
29229 19699
34967 11613
18089 28479
40109 30751
33527 11693
38647 33457
24951 26749
39041 31823
39943 41567
24251 30417
40297 17861
35773 37151
15431 20751
23617 13521
14729 16011
34969 19677
16607 17463
19771 22133
31299 10839
42187 38703
22161 11031
22913 30883
12907 33017
22311 33491
20119 36959
37833 12871
36389 14481
30813 29493
33317 40931
12469 14139
39489 31657
16651 24123
35353 30863
36379 29401
24607 31021
26849 33001
36607 16541
10341 36841
26359 42487
18331 39377
32139 38209
15367 34811
33579 41067
20299 40227
31377 12797
23493 28113
20469 22343
13073 16151
32739 32421
39127 18063
37419 30337
23277 20013
14169 28477
30037 15519
12517 41009
15831 37617
15073 41637
17547 28179
18977 19483
39597 31921
34577 21463
38709 33417
24997 21221
15919 39897
32801 13951
21169 15177
31831 15573
11077 19133
24773 40049
32989 39209
12197 37581
11679 28373
27933 36571
27909 14201
39043 25309
33393 21389
39683 36359
40177 38403
19447 21569
28983 29589
13319 10667
18289 12529
28283 19843
40277 25581
42413 15931
10013 30871
18901 38699
15911 22533
29011 23023
17873 27439
24661 13581
25931 15681
20377 29921
30319 36093
39003 42723
16817 34633
20317 15363
27137 41007
24887 42131
29723 34203
17397 38803
14907 34091
24921 25349
20639 36231
22693 25713
33561 32399
26177 10167
26831 20949
28761 30113
14657 35323
30483 35157
13839 15849
15147 41863
34939 22537
16217 15921
17687 31951
31389 24139
12951 41821
34271 17117
19543 38749
21731 11161
36639 11281
20407 22903
33837 23299
41813 31087
31323 35137
20971 40349
28927 41627
13769 39109
40369 28507
18621 33969
16541 21137
10527 20897
27027 30033
12163 35539
39747 41277
11621 42353
25909 42101
12013 24011
41811 30219
25281 29603
14371 10269
14189 25249
37351 25001
41103 14531
36417 12473
11969 40307
27209 12783
32217 36277
42467 35983
25847 22157
14133 30313
35317 31209
18111 32681
16013 16027
32499 29507
39783 24281
18683 16827
37943 30287
29187 22161
35407 41467
29211 24667
10297 26437
15823 30749
38087 25731
35287 11269
16283 19199
35859 40851
27237 11483
17341 21421
33847 17041
21827 16747
17407 22937
41549 15983
27403 39497
18679 36057
41383 23679
23299 37879
33123 23533
16331 17487
15683 39193
17609 38853
19507 37739
18787 37623
37097 13821
24689 16551
16747 33503
17157 34757
28127 28979
42179 40499
26491 22039
23083 41837
19813 32101
11301 24447
31393 33553
13419 11367
42309 14961
39893 21979
35221 36181
16713 25383
22061 37033
24469 11339
39433 15663
36793 32339
24319 36213
13621 40891
27179 39719
28797 10509
36621 40477
31553 29327
42169 23269
12131 38333
29451 16501
41141 11939
20587 10977
38699 36577
10207 26293
10293 37693
13923 24243
29203 34299
40631 11907
37899 38323
40577 32309
28333 34359
29117 14667
10789 23673
17903 12033
20473 22549
17761 24099
14673 14663
17307 10443
24277 21911
28507 10511
15253 34423
41759 22611
32073 34423
25673 35689
13793 42013
33289 31219
21421 29113
15603 27659
26683 30143
10463 12941
16819 16057
20003 17451
14689 40397
39177 16031
12107 34671
31307 27573
24993 26403
22697 14447
41077 24939
37413 26429
30237 10699
19163 30181
40859 26343
10157 13941
12789 20923
12873 16909
29237 40933
19833 27063
11461 26351
21569 14821
30747 40243
15011 20979
15697 32313
22933 14401
36989 27783
42161 34011
17393 40081
11107 37711
19903 17153
36327 17601
41201 21683
41313 30709
35289 24751
14977 35273
31021 30637
19573 39471
31347 24859
35527 41987
40457 26561
12353 38369
26323 39207
21753 19441
28017 16761
39389 23679
10363 30197
36517 12751
19121 29033
40723 25441
32999 24967
39927 25929
35093 18787
11877 42633
13767 36551
14067 23783
10203 34893
33953 19847
38629 10107
15289 25963
14431 22937
22899 41387
32729 11557
28243 10993
22681 19671
29853 14433
23263 10857
11923 21587
34241 38239
37071 13151
37981 19733
16091 31531
22299 34741
20693 13087
36117 21403
30409 25083
12323 37643
14009 32401
32269 11251
12389 21463
28571 22727
41903 29463
41919 36973
14069 26359
37871 33907
22933 24179
42613 19757
11817 20887
33697 41113
25929 15431
22347 12081
19209 18473
14389 32821
25881 27797
22661 24223
23721 35123
30141 32563
20947 12601
20649 28899
25093 11209
16777 40589
23477 33221
24869 42197
20847 31981
34533 39991
31893 20129
19867 26213
39281 21879
17179 19303
37403 38611
33957 35123
21697 40313
34143 21451
40637 40207
34533 10259
26183 18031
33973 17161
15773 18759
30199 39329
34389 13011
18933 38401
32039 26469
38367 11741
34397 35147
17423 32483
16689 37389
17273 39293
37051 40501
41341 13151
33909 30297
22049 21927
17309 16049
40339 36667
11739 19837
14403 26549
23851 13239
15461 41593
42693 33561
32323 37541
37177 14229
28339 38479
16973 16351
26271 36687
20923 11679
40991 14499
17819 35619
40531 40557
30499 17017
39957 22923
15781 25097
10481 41783
33897 23651
10413 27999
12957 30919
30649 22417
21651 24793
41189 10137
32563 34077
41899 20303
24743 27339
34629 41351
21001 20153
25429 22037
37491 13419
24287 23207
21707 28621
26921 18743
42337 16323
38987 25293
27349 40037
29557 15617
12233 36827
25503 20881
37817 17219
11119 36907
34619 33683
13519 23663
11231 25741
10523 28959
24243 17927
23577 23449
31631 19229
29419 23433
37853 33219
17259 21653
10017 34641
39787 16469
29871 28323
29209 29721
13263 40651
29963 40869
36793 28481
27259 36129
31997 20937
11177 19081
29523 12369
29989 36361
29683 29591
41787 30657
31553 42277
18781 37879
10501 28621
39127 35387
28647 12889
26061 37563
31461 14791
41103 35493
14007 36521
20073 41617
27787 13519
22013 21363
10593 31077
28797 16899
21191 23911
25239 16467
39011 24659
19917 12333
37163 38163
10331 30387
42511 37521
10951 12289
31529 41897
40753 28547
26021 26103
19281 27863
23633 37873
23867 15411
31419 29243
39543 23513
38419 32687
13801 40089
25951 39339
22097 24947
34019 23321
21151 35971
31013 23567
23351 16889
31199 42119
35581 33407
38293 17391
17027 25807
12421 36571
17561 35967
36499 19883
38997 21939
14979 16543
27809 16441
22963 31379
15083 16373
37857 17853
41057 34009
17191 19917
24047 34479
35113 34361
37121 42709
30189 16409
21613 10061
39713 20373
21963 27513
31883 36197
29969 20871
25679 33481
11757 23759
17531 19303
16673 13153
38939 25213
25371 29721
37999 15757
23061 34329
20701 21747
25139 10483
19759 18881
23219 41999
13509 14973
36323 35599
15669 18243
33379 23101
25171 27657
13571 10679
42451 15441
12923 25231
22637 12467
24121 41961
12527 14771
12643 37287
11817 26333
16513 25371
15297 18871
37257 17217
23783 10879
35263 40617
38067 32321
15579 36183
37507 11989
10049 18533
41113 21157
36349 35851
13157 20793
26057 27863
16441 14549
28543 12203
25909 24127
19821 33319
26147 13499
20701 41627
21707 12011
41669 38197
26431 25053
28647 13449
18727 33471
17947 34789
30413 10407
12309 12481
19407 18091
32579 33093
22329 18843
30301 19691
40517 17631
18927 10777
28169 33509
17873 30293
36241 28527
41747 34419
40727 25487
14627 37757
39643 14013
20801 38903
25577 21179
13179 16147
19587 13219
32817 39989
30111 41587
13379 34313
39853 10253
23823 14869
13197 36853
32727 36357
39703 13169
29409 32851
42067 11777
14057 24129
10333 27707
32489 10683
33271 27257
30931 35173
35969 18537
30413 14949
34647 23899
23547 38543
13999 17961
28159 17783
11927 22863
26081 40381
10433 32783
20571 12861
36529 32793
40203 37083
19237 35113
21441 37109
26023 37743
17159 41873
14799 18123
39201 13993
21071 27573
34963 31951
17799 39033
10407 17887
29367 40337
17929 32467
25079 14903
24379 14339
39483 28557
30471 37661
13947 37333
16493 27283
33119 19213
27843 41521
15861 25271
22573 40737
36721 20343
29983 34619
16467 28453
14461 38539
27317 10369
37321 37581
14903 23501
24983 29137
36123 23201
24047 15819
15933 35021
28879 42013
30811 11287
28491 28211
30187 13723
12083 19947
39463 33121
25831 29157
25353 42037
33323 29039
36769 27513
29779 28089
38013 40921
32147 32993
25317 31621
15633 28563
18969 15297
32131 11753
32093 34743
39193 20307
26863 22687
40091 20771
